image_width: 640
image_height: 480
camera_name: left_camera_low
camera_matrix:
  rows: 3
  cols: 3
  data: [613.017408, 0, 335.948848, 0, 611.149469, 238.649315, 0, 0, 1]
distortion_model: plumb_bob
distortion_coefficients:
  rows: 1
  cols: 5
  data: [0.08443199999999999, -0.143002, 0.000156, 0.004699, 0]
rectification_matrix:
  rows: 3
  cols: 3
  data: [0.999085, 0.004017, -0.042583, -0.00421, 0.999981, -0.00445, 0.042564, 0.004626, 0.9990829999999999]
projection_matrix:
  rows: 3
  cols: 4
  data: [655.873066, 0, 361.071339, 0, 0, 655.873066, 245.971695, 0, 0, 0, 1, 0]