image_width: 640
image_height: 480
camera_name: right_camera_low
camera_matrix:
  rows: 3
  cols: 3
  data: [617.628107, 0, 314.814221, 0, 615.5246509999999, 252.354358, 0, 0, 1]
distortion_model: plumb_bob
distortion_coefficients:
  rows: 1
  cols: 5
  data: [0.103072, -0.157123, 0.002915, 0.003122, 0]
rectification_matrix:
  rows: 3
  cols: 3
  data: [0.9990469999999999, 0.003382, -0.043516, -0.003184, 0.999984, 0.004608999999999999, 0.04353, -0.004467, 0.999042]
projection_matrix:
  rows: 3
  cols: 4
  data: [655.873066, 0, 361.071339, -60.17822, 0, 655.873066, 245.971695, 0, 0, 0, 1, 0]